x
-1 1
1 0.0108477 0.21163789999999999
2 4.2448730000000001e-05 0.00064091020000000003
3 0.01074545 0.21158260000000001
4 5 360
5 0 484
6 0.001756753 0.043894910000000002
7 -0.00045439340000000001 0.00016493190000000001
8 0.00018670319999999999 0.060954500000000002
9 4.559765e-06 0.0027492950000000001
10 0.0021702470000000001 0.052546320000000001
11 -0.0048693290000000004 4.4681819999999997
12 1.683473 25.528670000000002
13 -7.7162249999999997 13.609920000000001
14 -37.577959999999997 -17.040800000000001
15 19.593630000000001 45.749870000000001
16 3 345
17 1 296
18 -17.494240000000001 0.1937276
19 -0.1230223 0.23041739999999999
20 -23.501670000000001 0.95207399999999998
21 15.448169999999999 155.3929
22 4.0018580000000004 12.826079999999999
23 -2.4447429999999999 1.067358
24 1.5395380000000001 10.58703
25 6.8778699999999997 27.518439999999998
26 -35.31503 -5.3900800000000002
27 18.439599999999999 50.736109999999996
28 0 353
29 0 335
30 -12.38294 7.7057349999999998
31 -0.14880750000000001 0.1565705
32 -16.131270000000001 12.633470000000001
33 14.641540000000001 141.7533
34 3.8782269999999999 13.10496
35 -2.4608400000000001 1.173365
36 1.6111709999999999 10.96434
37 2.2763559999999998 39.336880000000001
38 -29.83164 -1.6453040000000001
39 17.10811 50.929400000000001
40 0 343
41 0 364
42 -9.2802520000000008 14.553520000000001
43 -0.18706739999999999 0.28590460000000001
44 -16.254960000000001 15.10009
45 6.2580559999999998 176.58439999999999
46 2.506637 14.232200000000001
47 -1.494372 1.817401
48 1.6487810000000001 7.4943749999999998
49 -0.78878440000000005 21.64462
50 -50.515070000000001 -9.7531490000000005
51 21.687629999999999 64.41489
52 0 407
53 2 350
54 -22.92343 3.88165
55 -0.2285141 0.22737599999999999
56 -28.912120000000002 7.5278299999999998
57 18.956209999999999 239.3768
58 4.649311 15.769209999999999
59 -1.9796400000000001 0.82631520000000003
60 1.5203180000000001 7.2336239999999998
61 2.1074709999999999 31.04045
62 -37.932960000000001 -7.2795120000000004
63 17.705179999999999 61.135689999999997
64 0 366
65 5 394
66 -12.78534 8.6466460000000005
67 -0.21784490000000001 0.200347
68 -17.647870000000001 13.620520000000001
69 12.97606 187.03270000000001
70 3.8746870000000002 14.411820000000001
71 -1.520157 0.82217289999999998
72 1.5437339999999999 6.2372649999999998
73 2.3241360000000002 33.835630000000002
74 -37.751199999999997 -8.1965579999999996
75 18.675049999999999 62.740070000000003
76 0 375
77 0 316
78 -11.999029999999999 8.0910960000000003
79 -0.1480591 0.27975630000000001
80 -21.261060000000001 14.74127
81 15.599270000000001 161.679
82 3.9884710000000001 14.524050000000001
83 -1.530143 2.0345610000000001
84 1.5208550000000001 9.5279989999999994
85 2.3256380000000001 28.605720000000002
86 -47.581679999999999 -8.9165329999999994
87 18.099779999999999 59.349789999999999
88 0 441
89 4 397
90 -16.04205 4.1866779999999997
91 -0.25341910000000001 0.16499539999999999
92 -17.991530000000001 14.834680000000001
93 15.66024 182.54589999999999
94 4.2943749999999996 13.77434
95 -2.236208 0.88691549999999997
96 1.555204 8.764265
97 2.572927 29.145630000000001
98 -42.478279999999998 -7.2225619999999999
99 19.133130000000001 56.90654
100 0 441
101 0 395
102 -13.995329999999999 3.4183629999999998
103 -0.1390545 0.1297632
104 -17.3523 8.4280609999999996
105 19.050070000000002 196.5206
106 4.3955739999999999 14.020339999999999
107 -1.5373520000000001 1.165095
108 1.600142 6.7155509999999996
109 3.349815 27.268439999999998
110 -39.251950000000001 -4.2980460000000003
111 14.46954 55.66516
112 0 374
113 0 378
114 -10.54604 5.8497260000000004
115 -0.17739469999999999 0.1517811
116 -15.77538 9.3559110000000008
117 10.92591 133.63640000000001
118 3.4893779999999999 11.56945
119 -1.748275 0.74964419999999998
120 1.5441940000000001 7.073061
121 2.4761359999999999 32.818040000000003
122 -35.074120000000001 -7.417287
123 15.742940000000001 56.836440000000003
124 0 384
125 4 347
126 -11.41337 5.8408360000000004
127 -0.21204190000000001 0.1414736
128 -14.44736 11.62153
129 8.5947309999999995 130.36099999999999
130 3.14154 12.74593
131 -1.601118 1.328403
132 1.6274059999999999 5.9895459999999998
133 2.725393 38.184989999999999
134 -34.224110000000003 -5.0110900000000003
135 16.43167 63.497779999999999
136 0 354
137 6 330
138 -10.15607 7.3759100000000002
139 -0.17880570000000001 0.1144773
140 -15.68657 11.17886
141 9.8472690000000007 182.42160000000001
142 3.2591909999999999 13.535920000000001
143 -1.6287830000000001 1.5003869999999999
144 1.6477489999999999 7.4430940000000003
145 2.3567650000000002 41.613680000000002
146 -32.429180000000002 -5.2121789999999999
147 15.24775 61.098199999999999
148 0 397
149 0 394
150 -9.0981190000000005 9.44956
151 -0.15494720000000001 0.13395860000000001
152 -12.604810000000001 15.592840000000001
153 6.7813379999999999 207.04929999999999
154 2.7439179999999999 14.39141
155 -1.734556 1.8971100000000001
156 1.6427670000000001 9.2814350000000001
157 0.19750000000000001 0.81499999999999995
158 0 0.029166669999999999
159 0.19750000000000001 0.81499999999999995
160 1 360
161 0 257
162 0.025265269999999999 0.24997920000000001
163 -0.0024391180000000001 0.0020235650000000002
164 -0.0089571500000000005 0.3374935
165 0.001279135 0.073721229999999999
166 0.035912729999999997 0.275449
167 -0.086387030000000004 4.6246530000000003
168 1.8412249999999999 30.47636
169 0.46759820000000002 0.96446010000000004
170 0.052146499999999998 0.24979760000000001
171 0.27806259999999999 0.88604340000000004
172 0 463
173 0 334
174 0.25822600000000001 0.68258229999999998
175 -0.0028515739999999999 0.0033229150000000001
176 0.14510670000000001 0.72467150000000002
177 0.003953832 0.075472789999999998
178 0.064790440000000005 0.27912219999999999
179 -0.9271587 2.1959110000000002
180 1.23122 11.68613
181 0 484.8485
183 0 484.8485
184 0 468
185 0 65
186 0 251.7243
187 -2.0094349999999999 2.383982
188 -39.756979999999999 343.97149999999999
189 0 38028.120000000003
190 0 199.54929999999999
191 -0.61831729999999996 8.5162300000000002
192 0 77.363200000000006
193 0.0015805019999999999 0.043387240000000001
194 -0.042907939999999999 -0.0013357200000000001
195 0.0029711970000000001 0.083584060000000002
196 2 302
197 7 362
198 -8.7797820000000003e-05 5.1183519999999997e-05
199 -2.6608060000000001e-05 -8.2124749999999996e-08
200 2.0016139999999999e-05 0.0015960239999999999
201 1.146423e-07 0.00016357550000000001
202 0.00033878709999999999 0.01281098
203 -1.2602960000000001 2.7188370000000002
204 2.323423 31.271889999999999
205 2.2960430000000001 9.3265899999999995
206 -8.5417529999999999 -2.0348470000000001
207 5.8383979999999998 16.76793
208 2 310
209 2 347
210 -0.1015194 0.1807494
211 -0.0089090339999999997 0.0055500020000000001
212 -0.40288829999999998 0.66220820000000002
213 0.59131769999999995 11.142469999999999
214 0.77057220000000004 3.3380779999999999
215 -1.171845 2.2201089999999999
216 2.4187080000000001 13.432600000000001
217 2.2311550000000002 9.8170409999999997
218 -9.2861700000000003 -2.0962999999999998
219 4.3274559999999997 16.933890000000002
220 1 456
221 2 332
222 -0.2617565 0.1941272
223 -0.0068733850000000001 0.014275879999999999
224 -0.81646470000000004 0.44003110000000001
225 0.64003030000000005 8.5471609999999991
226 0.80023909999999998 2.9237519999999999
227 -1.236175 1.3481620000000001
228 2.0914429999999999 11.298019999999999
229 2.013903 9.9474979999999995
230 -8.4098769999999998 -2.4722300000000001
231 5.5102510000000002 15.892189999999999
232 3 445
233 1 355
234 -0.26272649999999997 0.1911322
235 -0.0068426490000000001 0.0100511
236 -0.8814459 0.5342171
237 0.78244290000000005 8.8822569999999992
238 0.88458510000000001 2.980362
239 -1.6250150000000001 1.572344
240 2.1781090000000001 14.387740000000001
241 2.8795099999999998 11.003259999999999
242 -11.990259999999999 -2.456766
243 6.0683059999999998 21.478850000000001
244 4 344
245 0 327
246 -0.21760550000000001 0.1509586
247 -0.0076487029999999998 0.02111561
248 -1.1686989999999999 0.58401409999999998
249 1.0791310000000001 12.92338
250 1.0431680000000001 3.6061260000000002
251 -1.4947520000000001 1.3229759999999999
252 2.0626380000000002 12.742319999999999
253 3.039345 10.313359999999999
254 -10.00103 -2.2699189999999998
255 6.6063910000000003 17.05039
256 2 335
257 2 350
258 -0.21305669999999999 0.19833480000000001
259 -0.01022874 0.01425686
260 -0.83775940000000004 0.4747344
261 1.0236529999999999 10.09271
262 1.0118849999999999 3.1835789999999999
263 -1.008365 1.4347650000000001
264 2.1806549999999998 7.122776
265 2.4628160000000001 9.8099480000000003
266 -10.004619999999999 -2.3884129999999999
267 5.620552 16.88983
268 2 334
269 2 343
270 -0.17672479999999999 0.29555369999999997
271 -0.0061001220000000004 0.01420243
272 -0.782524 0.33275120000000002
273 1.0657749999999999 9.6028289999999998
274 1.032484 3.106042
275 -1.264357 1.767215
276 2.0868950000000002 9.6848700000000001
277 2.5374539999999999 10.18948
278 -10.22846 -2.5351059999999999
279 5.624352 18.091619999999999
280 3 400
281 2 397
282 -0.2250315 0.16930300000000001
283 -0.0033128670000000002 0.01627321
284 -0.84902049999999996 0.1622768
285 1.146163 9.5901049999999994
286 1.0707249999999999 3.1060099999999999
287 -1.251628 1.130733
288 2.156933 8.3929379999999991
289 2.4018730000000001 9.658061
290 -11.46782 -2.3941180000000002
291 6.03111 16.1266
292 3 399
293 2 430
294 -0.18023629999999999 0.1738355
295 -0.0038217030000000001 0.01489308
296 -0.85387029999999997 0.34146579999999999
297 1.1563779999999999 8.1011419999999994
298 1.0793470000000001 2.8542200000000002
299 -1.9742729999999999 1.151203
300 2.1385109999999998 12.56639
301 2.3282980000000002 8.3736060000000005
302 -9.8187660000000001 -2.5499640000000001
303 5.0406510000000004 15.17084
304 2 357
305 1 391
306 -0.20272699999999999 0.12621099999999999
307 -0.002323575 0.01566294
308 -0.84921259999999998 0.27831470000000003
309 1.0435639999999999 7.7369760000000003
310 1.0226059999999999 2.7870409999999999
311 -1.2155830000000001 0.9289269
312 2.0413519999999998 7.9528540000000003
313 2.4005339999999999 9.2948500000000003
314 -9.6902509999999999 -2.3966530000000001
315 5.6431839999999998 18.281669999999998
316 4 363
317 1 344
318 -0.17591589999999999 0.1173535
319 -0.0059895010000000004 0.01463414
320 -0.73134730000000003 0.38006250000000003
321 0.89394890000000005 7.7249619999999997
322 0.9478183 2.797577
323 -1.4920659999999999 1.072424
324 2.0923310000000002 9.7371009999999991
325 2.3178969999999999 9.4847900000000003
326 -10.39617 -2.3862519999999998
327 4.8843959999999997 19.500419999999998
328 4 366
329 2 403
330 -0.18361710000000001 0.139407
331 -0.0046685320000000004 0.01330343
332 -0.80222649999999995 0.42923109999999998
333 0.84251960000000004 9.5815710000000003
334 0.91840449999999996 3.0954130000000002
335 -1.20275 1.291077
336 2.030545 9.0785579999999992
337 1.935924 8.1169019999999996
338 -9.7189069999999997 -2.0471509999999999
339 4.4230450000000001 17.73272
340 1 335
341 2 300
342 -0.1935297 0.16729240000000001
343 -0.0089388030000000004 0.0092684229999999996
344 -0.52803990000000001 0.43394579999999999
345 0.6187608 9.0581080000000007
346 0.7871553 3.0098509999999998
347 -1.6148279999999999 1.48366
348 2.120752 10.36641
349 0.034916669999999997 0.1916667
350 -0.18441669999999999 -0.021749999999999999
351 0.057416670000000003 0.3521667
352 1 348
353 3 362
354 -0.002904008 0.001250887
355 -0.00020828470000000001 7.9574350000000005e-05
356 -0.0077886709999999996 0.01195129
357 8.6802949999999999e-05 0.0040483940000000003
358 0.0093994179999999997 0.063747100000000001
359 -2.3992149999999999 2.569277
360 3.6026799999999999 33.668239999999997
361 0.045791890000000002 0.20575450000000001
362 -0.20826520000000001 -0.05084574
363 0.1072002 0.39779710000000001
364 2 460
365 1 456
366 -0.002281992 0.0042540069999999998
367 -0.00027535400000000001 0.0001001628
368 -0.0081249890000000009 0.016560169999999999
369 0.00027645870000000001 0.0053825130000000002
370 0.016792029999999999 0.073730290000000004
371 -1.738548 1.5981099999999999
372 2.301555 11.70134
373 0 129.2929
374 -129.2929 0
375 0 258.58589999999998
376 0 456
377 0 370
378 -1.4859100000000001 3.1343399999999999
379 -0.20993329999999999 0.060482540000000001
380 -4.3407970000000002 11.65117
381 0 2680.4290000000001
382 0 51.973179999999999
383 -2.7044039999999998 3.0431029999999999
384 0 50.93882
