x
-1 1
1 0.054689269999999998 0.39238289999999998
2 0 0.001134915
3 0.054398759999999997 0.39147759999999998
4 10 510
5 0 606
6 0.0074925909999999998 0.055592429999999998
7 -0.00042474579999999997 0.00034490220000000003
8 -0.0046780479999999998 0.070285829999999994
9 9.6841970000000003e-05 0.003763349
10 0.01001086 0.061370189999999998
11 0.36599080000000001 5.5711009999999996
12 1.8304929999999999 41.163760000000003
13 -7.4251040000000001 11.556190000000001
14 -42.699750000000002 -21.815740000000002
15 22.38945 48.04139
16 5 707
17 6 667
18 -18.659680000000002 -2.406447
19 -0.063979099999999997 0.085345199999999996
20 -23.38993 2.4588049999999999
21 18.41798 137.125
22 4.4616340000000001 11.750529999999999
23 -1.6382730000000001 1.08203
24 1.9626520000000001 6.5175780000000003
25 2.1190630000000001 27.588650000000001
26 -40.009399999999999 -6.647367
27 20.150259999999999 54.764189999999999
28 1 569
29 0 573
30 -14.03036 5.3791159999999998
31 -0.096008099999999999 0.090829720000000003
32 -17.154409999999999 10.82422
33 15.529719999999999 147.745
34 3.9417469999999999 12.2316
35 -1.4458139999999999 0.95063419999999998
36 1.68099 5.0942489999999996
37 7.48787 34.990879999999997
38 -31.461559999999999 -3.76058
39 21.898610000000001 52.567920000000001
40 0 647
41 0 653
42 -9.1696770000000001 10.755100000000001
43 -0.082805889999999993 0.092447639999999998
44 -10.60904 12.3215
45 19.037769999999998 118.7594
46 4.9472310000000004 10.90516
47 -1.3806590000000001 1.109869
48 1.859845 6.2713409999999996
49 0.65127979999999996 24.4465
50 -45.574089999999998 -8.3218750000000004
51 20.589009999999998 56.355640000000001
52 0 677
53 8 502
54 -14.934659999999999 3.6775690000000001
55 -0.073432189999999994 0.12595890000000001
56 -18.686150000000001 7.9816570000000002
57 10.68385 142.88679999999999
58 3.2840609999999999 11.957789999999999
59 -1.5065919999999999 0.7351126
60 1.7116389999999999 6.6494200000000001
61 3.4650189999999998 35.300249999999998
62 -40.492730000000002 -5.6423389999999998
63 21.35632 64.053060000000002
64 1 654
65 0 508
66 -16.267600000000002 8.1613209999999992
67 -0.079001689999999999 0.10080699999999999
68 -15.03009 8.4959520000000008
69 17.756910000000001 163.92570000000001
70 4.3824050000000003 13.002660000000001
71 -1.266845 0.73266019999999998
72 1.7789010000000001 5.630217
73 1.2119040000000001 32.860080000000004
74 -46.483150000000002 -10.14208
75 25.159829999999999 61.827159999999999
76 0 597
77 0 674
78 -17.30087 4.0848519999999997
79 -0.107239 0.1139546
80 -21.379560000000001 6.559304
81 19.436800000000002 140.4641
82 4.4211130000000001 12.84332
83 -0.9893826 1.181961
84 1.7347459999999999 4.7146999999999997
85 0.79773939999999999 25.075959999999998
86 -37.472070000000002 -9.3098670000000006
87 18.949090000000002 53.562109999999997
88 0 522
89 7 558
90 -13.650320000000001 4.2133419999999999
91 -0.063351469999999993 0.09970482
92 -18.969909999999999 5.218521
93 17.227540000000001 113.7089
94 4.1856020000000003 10.94509
95 -1.163403 0.79303760000000001
96 1.704302 5.2287860000000004
97 2.7150750000000001 27.788779999999999
98 -44.265389999999996 -10.95894
99 23.312740000000002 59.108139999999999
100 0 577
101 5 505
102 -15.474170000000001 3.5668709999999999
103 -0.1105554 0.1122718
104 -17.963010000000001 4.772456
105 20.388290000000001 151.2818
106 4.9121449999999998 12.414569999999999
107 -1.5366230000000001 0.69419439999999999
108 1.704008 6.1726789999999996
109 6.9286700000000003 34.208500000000001
110 -35.894910000000003 -2.949684
111 21.66525 57.37753
112 0 613
113 5 654
114 -10.60154 11.885619999999999
115 -0.1036448 0.094106670000000003
116 -13.305289999999999 14.485469999999999
117 14.61708 131.94300000000001
118 4.0506260000000003 12.115769999999999
119 -1.2918540000000001 1.054654
120 1.555407 5.6164620000000003
121 5.2020840000000002 35.59131
122 -34.051270000000002 -3.4975350000000001
123 19.429549999999999 55.099020000000003
124 0 698
125 3 520
126 -8.8852580000000003 7.0148460000000004
127 -0.057978620000000002 0.1055354
128 -13.94224 7.977201
129 14.14339 94.857569999999996
130 3.968826 10.02345
131 -1.2738689999999999 1.0275270000000001
132 1.65239 5.4777509999999996
133 4.5314240000000003 33.894410000000001
134 -33.57611 -4.089588
135 18.88411 63.480829999999997
136 0 613
137 8 533
138 -12.862679999999999 5.8515300000000003
139 -0.10336969999999999 0.087303889999999995
140 -14.864599999999999 7.8733399999999998
141 12.38902 116.0279
142 3.5353029999999999 11.049849999999999
143 -1.611885 1.1869749999999999
144 1.5832790000000001 6.1177729999999997
145 3.7145649999999999 37.457180000000001
146 -33.900530000000003 -8.9467999999999996
147 16.31474 54.289380000000001
148 0 579
149 6 556
150 -9.2073739999999997 6.3830530000000003
151 -0.1035639 0.068669610000000006
152 -10.676500000000001 10.45407
153 11.810420000000001 115.1985
154 3.5414490000000001 10.846769999999999
155 -1.4194599999999999 1.247749
156 1.777997 6.9575750000000003
157 0.37833329999999998 0.99500010000000005
158 0 0.038333329999999999
159 0.37333329999999998 0.99500010000000005
160 0 667
161 0 590
162 0.053322149999999999 0.25032759999999998
163 -0.0016777630000000001 0.002668438
164 -0.079225989999999996 0.31542490000000001
165 0.0038390099999999999 0.05894373
166 0.062050910000000001 0.27146880000000001
167 0.83718780000000004 4.5558079999999999
168 2.4204240000000001 25.88805
169 0.45588440000000002 0.9521965
170 0 0.1852444
171 0.2972593 0.92755379999999998
172 0 566
173 0 544
174 0.25337900000000002 0.59443009999999996
175 -0.001644876 0.0019387160000000001
176 0.1563987 0.69782880000000003
177 0.0038956559999999999 0.064943730000000005
178 0.063894640000000003 0.25732769999999999
179 -0.55838350000000003 2.729892
180 1.4241839999999999 13.815110000000001
181 0 484.8485
183 0 484.8485
184 0 524
185 0 7
186 0 220.18109999999999
187 -1.1186240000000001 1.087696
188 -55.813200000000002 252.4777
189 0 30029.720000000001
190 0 173.53020000000001
191 -0.21922549999999999 13.051909999999999
192 0 185.2311
193 0.0077866339999999997 0.0991538
194 -0.076705490000000001 -0.0091528489999999994
195 0.017466820000000001 0.15656980000000001
196 6 665
197 12 512
198 -0.0001020938 2.669648e-05
199 -2.721975e-05 -2.7622210000000002e-07
200 8.2708949999999994e-05 0.0021072980000000001
201 4.7741569999999998e-06 0.0002672746
202 0.0021871809999999998 0.016372270000000001
203 -2.418822 2.6997119999999999
204 3.0799120000000002 36.391440000000003
205 2.8021579999999999 9.8608119999999992
206 -8.7532250000000005 -2.8325239999999998
207 6.2124870000000003 17.484300000000001
208 7 671
209 3 664
210 -0.077712219999999999 0.080195290000000002
211 -0.0053076770000000002 0.0037697970000000001
212 -0.21024399999999999 0.46525230000000001
213 1.3244769999999999 8.5998490000000007
214 1.1526179999999999 2.9325540000000001
215 -0.94200890000000004 0.84202580000000005
216 2.5505490000000002 7.7534890000000001
217 2.2665850000000001 9.1698079999999997
218 -9.1779860000000006 -2.720936
219 5.5845940000000001 17.0488
220 6 646
221 1 571
222 -0.076560100000000006 0.086010210000000004
223 -0.0020580799999999999 0.0055462369999999999
224 -0.50188200000000005 0.21441740000000001
225 1.031838 9.0885979999999993
226 1.0158689999999999 3.017598
227 -0.7747501 0.77890020000000004
228 2.310149 5.8955279999999997
229 2.7207469999999998 8.2502720000000007
230 -8.3126280000000001 -2.8021509999999998
231 5.942361 15.086309999999999
232 1 567
233 5 651
234 -0.091742630000000006 0.097095769999999998
235 -0.0046212149999999997 0.0046050350000000004
236 -0.41344209999999998 0.3691757
237 1.1854789999999999 6.1573539999999998
238 1.088994 2.4818570000000002
239 -1.167826 1.2601
240 2.1876259999999998 5.8642320000000003
241 3.0476649999999998 9.2093410000000002
242 -9.6494780000000002 -2.9397169999999999
243 6.1614899999999997 18.54655
244 4 691
245 1 586
246 -0.089066099999999995 0.074338260000000003
247 -0.001626005 0.0078881539999999997
248 -0.58935349999999997 0.16300809999999999
249 0.86557839999999997 8.5912989999999994
250 0.93041419999999997 2.935133
251 -0.96840789999999999 0.72417129999999996
252 2.1109740000000001 7.8387869999999999
253 3.1923029999999999 8.938618
254 -10.54622 -2.53363
255 6.3760979999999998 18.719380000000001
256 2 711
257 4 691
258 -0.1190485 0.1266697
259 -0.0023154880000000001 0.0082374189999999993
260 -0.65914729999999999 0.1652718
261 1.272875 10.74236
262 1.1282209999999999 3.2933490000000001
263 -0.75683100000000003 1.001295
264 2.2731889999999999 6.0706309999999997
265 3.2726869999999999 9.678388
266 -9.7167569999999994 -2.8455349999999999
267 6.7757230000000002 17.618849999999998
268 10 611
269 1 501
270 -0.1411539 0.15180689999999999
271 -0.001946127 0.0095247379999999996
272 -0.75723039999999997 0.1906708
273 1.330298 9.0611689999999996
274 1.153457 3.030427
275 -0.97969209999999995 0.88929020000000003
276 2.1477240000000002 5.5957739999999996
277 2.9005879999999999 9.9425460000000001
278 -10.55156 -2.8956279999999999
279 6.2594200000000004 18.33756
280 5 574
281 3 651
282 -0.083620769999999997 0.11948400000000001
283 -0.0009705499 0.01045836
284 -0.75257450000000004 0.15187249999999999
285 1.3228230000000001 8.8474109999999992
286 1.1501440000000001 2.9799310000000001
287 -1.1520699999999999 0.87384989999999996
288 2.278051 7.9526459999999997
289 3.0836950000000001 10.315569999999999
290 -11.14071 -2.8214049999999999
291 6.6070690000000001 18.932169999999999
292 9 727
293 2 683
294 -0.14888889999999999 0.089437290000000003
295 -0.0040190950000000003 0.0098440130000000004
296 -0.6209903 0.3173609
297 1.7472620000000001 8.8320039999999995
298 1.3234140000000001 2.972067
299 -0.81524830000000004 0.74867119999999998
300 2.2461370000000001 5.6789750000000003
301 2.7646790000000001 11.685750000000001
302 -12.88307 -3.09802
303 6.8257389999999996 22.813310000000001
304 6 548
305 2 534
306 -0.11784699999999999 0.094555790000000001
307 -0.0043915489999999998 0.0080963159999999992
308 -0.65383449999999999 0.3153495
309 1.3584020000000001 10.460150000000001
310 1.1656960000000001 3.2350430000000001
311 -0.92510490000000001 1.039307
312 2.2277719999999999 6.3847370000000003
313 2.674741 10.407830000000001
314 -9.2784329999999997 -2.5145369999999998
315 5.8161529999999999 17.62472
316 7 652
317 2 700
318 -0.110762 0.1233528
319 -0.0027173789999999998 0.0062550339999999996
320 -0.47275669999999997 0.2389397
321 1.005984 7.2313599999999996
322 1.00301 2.6903980000000001
323 -0.81799909999999998 0.74821689999999996
324 2.0778629999999998 7.0476460000000003
325 2.4003770000000002 8.4882559999999998
326 -9.1139480000000006 -2.3179859999999999
327 4.9452819999999997 16.44867
328 10 611
329 2 692
330 -0.1095486 0.1065205
331 -0.001677591 0.0060894349999999998
332 -0.50335129999999995 0.1622381
333 0.92046749999999999 6.160857
334 0.96034059999999999 2.4823680000000001
335 -0.85108680000000003 1.145068
336 2.1218919999999999 6.1889649999999996
337 2.4550510000000001 10.740349999999999
338 -11.513719999999999 -2.4848400000000002
339 5.6319869999999996 18.178599999999999
340 2 600
341 3 474
342 -0.080839659999999994 0.080510269999999995
343 -0.0020888590000000002 0.0073193909999999997
344 -0.50462629999999997 0.21575749999999999
345 1.060135 7.1042399999999999
346 1.0296670000000001 2.666385
347 -0.76896430000000005 0.94022050000000001
348 2.2173400000000001 6.6981590000000004
349 0.07133333 0.24216670000000001
350 -0.24583340000000001 -0.051166669999999997
351 0.15775 0.47408339999999999
352 3 665
353 2 529
354 -0.0040722980000000002 0.0058868319999999998
355 -8.8374629999999994e-05 0.00016031530000000001
356 -0.01445659 0.0065662869999999996
357 0.00032556529999999998 0.003232043
358 0.018046530000000002 0.056872119999999998
359 -1.8443970000000001 3.1468389999999999
360 3.2715100000000001 20.167729999999999
361 0.044212040000000001 0.20911299999999999
362 -0.21898219999999999 -0.046474130000000002
363 0.090686169999999997 0.38461430000000002
364 2 520
365 3 526
366 -0.0021005519999999999 0.0028540309999999999
367 -0.00018450079999999999 5.2613669999999999e-05
368 -0.0053509389999999999 0.01295088
369 0.0003050606 0.0051750520000000003
370 0.017531459999999999 0.072073360000000003
371 -1.000343 1.139993
372 2.4198750000000002 7.8316350000000003
373 0 129.2929
374 -129.2929 0
375 0 258.58589999999998
376 0 534
377 0 526
378 -0.63936059999999995 1.9976769999999999
379 -0.1120831 0.058631250000000003
380 -2.78077 8.0139420000000001
381 0 2450.2710000000002
382 0 49.630780000000001
383 -4.5659109999999998 2.7098770000000001
384 0 106.405
