x
-1 1
1 0.0003132284 0.43964619999999999
2 8.0434880000000003e-05 0.0083424429999999997
3 0.00018158080000000001 0.4389786
4 0 2894
5 0 2403
6 0.0001159666 0.14483499999999999
7 -0.00078555569999999998 0.00026476510000000001
8 -0.0074006250000000001 0.1150486
9 1.0681960000000001e-09 0.011725859999999999
10 3.3661729999999999e-05 0.1117899
11 -0.29948780000000003 7.0583419999999997
12 1.3357239999999999 66.555009999999996
13 -8.0028489999999994 14.22784
14 -36.247070000000001 -3.284926
15 4.5807000000000002 43.878070000000001
16 0 1834
17 0 2061
18 -14.6935 1.6151880000000001
19 -0.201095 0.15338589999999999
20 -19.433689999999999 7.2962899999999999
21 0.72664399999999996 109.0497
22 0.8612706 10.49258
23 -4.1472319999999998 2.5157639999999999
24 1.2765310000000001 20.642060000000001
25 -13.070600000000001 18.896090000000001
26 -42.35107 -7.286435
27 5.3472479999999996 50.751530000000002
28 0 3042
29 0 1919
30 -23.370149999999999 -0.76827610000000002
31 -0.39407219999999998 0.257328
32 -26.330639999999999 7.8772339999999996
33 1.0059530000000001 123.80410000000001
34 1.0052779999999999 12.80646
35 -3.412601 2.8355459999999999
36 1.4723379999999999 16.521920000000001
37 2.6548829999999999 39.810200000000002
38 -33.234380000000002 2.908471
39 5.4906079999999999 64.124279999999999
40 0 2998
41 0 2147
42 -7.702191 16.926130000000001
43 -0.27550259999999999 0.14518020000000001
44 -12.64132 22.98752
45 1.007317 178.0993
46 1.0532699999999999 13.91713
47 -2.503587 3.34748
48 1.5283100000000001 18.76117
49 -12.320639999999999 13.184979999999999
50 -50.560679999999998 -9.8656710000000007
51 6.2447369999999998 54.650889999999997
52 0 2666
53 0 2908
54 -25.141850000000002 -4.8629800000000003
55 -0.1821643 0.21299509999999999
56 -31.33333 0.56841580000000003
57 2.0307770000000001 133.0712
58 1.4343250000000001 11.671340000000001
59 -3.3930560000000001 1.871502
60 1.343766 16.751139999999999
61 1.7807789999999999 34.348950000000002
62 -36.790900000000001 4.1405940000000001
63 8.5910049999999991 57.334530000000001
64 0 2260
65 0 3240
66 -12.531470000000001 10.770009999999999
67 -0.31492490000000001 0.36824950000000001
68 -18.17578 16.372129999999999
69 2.7517040000000001 197.6491
70 1.7251240000000001 14.75657
71 -2.7258520000000002 1.8887860000000001
72 1.5176719999999999 13.28293
73 -12.45801 31.035399999999999
74 -54.643830000000001 -8.5789600000000004
75 8.4164449999999995 61.908819999999999
76 0 3179
77 0 2230
78 -20.908629999999999 0.27836460000000002
79 -0.26906619999999998 0.34569309999999998
80 -25.803830000000001 9.4276049999999998
81 2.7481230000000001 140.48759999999999
82 1.6946369999999999 12.609540000000001
83 -3.6305580000000002 2.1089889999999998
84 1.2801290000000001 21.150449999999999
85 3.3801369999999999 33.303789999999999
86 -38.279490000000003 3.473894
87 9.4034399999999998 58.550870000000003
88 0 2961
89 0 2394
90 -9.0939840000000007 9.5570989999999991
91 -0.17859 0.1972844
92 -13.63796 15.268879999999999
93 3.8535599999999999 115.92910000000001
94 1.974043 11.678470000000001
95 -2.8584179999999999 2.0568469999999999
96 1.582214 13.39743
97 -7.3211180000000002 29.676870000000001
98 -45.909239999999997 -6.862552
99 9.7269500000000004 65.188029999999998
100 0 2433
101 0 3085
102 -17.61702 4.0573540000000001
103 -0.22340180000000001 0.1918985
104 -24.600539999999999 8.9928329999999992
105 4.2959170000000002 128.72620000000001
106 2.080219 12.111689999999999
107 -2.2965339999999999 2.4916179999999999
108 1.520553 15.022
109 3.362838 40.893740000000001
110 -45.498089999999998 3.8720460000000001
111 9.6479579999999991 71.451719999999995
112 0 2950
113 0 3062
114 -7.1622940000000002 15.085140000000001
115 -0.16643260000000001 0.36000209999999999
116 -14.253170000000001 19.673590000000001
117 4.0985849999999999 186.82820000000001
118 2.0881479999999999 15.035119999999999
119 -2.248631 2.0726270000000002
120 1.475177 10.56671
121 -5.3032199999999996 31.966539999999998
122 -43.470939999999999 -6.1957259999999996
123 10.314399999999999 59.567619999999998
124 0 2900
125 0 2256
126 -17.124890000000001 2.459635
127 -0.22711790000000001 0.20797689999999999
128 -22.441960000000002 6.1068939999999996
129 3.9796640000000001 113.7829
130 2.0362969999999998 11.295629999999999
131 -2.4126780000000001 2.1929270000000001
132 1.5649109999999999 10.60202
133 3.559402 40.026260000000001
134 -31.357320000000001 0.57165239999999995
135 9.4447749999999999 58.788519999999998
136 0 2399
137 0 2417
138 -7.9003560000000004 8.9473710000000004
139 -0.13025419999999999 0.17595540000000001
140 -15.49457 14.812250000000001
141 3.9609890000000001 144.54740000000001
142 2.0034450000000001 12.643380000000001
143 -2.063005 2.0602800000000001
144 1.6167530000000001 9.8254359999999998
145 -5.0956219999999997 30.77994
146 -41.584980000000002 -6.137918
147 8.1669699999999992 60.219189999999998
148 0 2917
149 0 2426
150 -15.1881 3.182407
151 -0.31641770000000002 0.17951610000000001
152 -19.59441 9.9043580000000002
153 3.0774020000000002 151.40700000000001
154 1.769352 12.616160000000001
155 -2.7479969999999998 2.106957
156 1.5335570000000001 13.663959999999999
157 0.072500010000000004 0.73083339999999997
158 0.0016666669999999999 0.093333330000000006
159 0.04666667 0.70916679999999999
160 0 2931
161 0 2341
162 0.038798909999999999 0.2409927
163 -0.0039006219999999999 0.0036516700000000001
164 -0.027652280000000001 0.39186009999999999
165 0.0001386436 0.047629009999999999
166 0.01188227 0.220163
167 -1.189986 6.7530089999999996
168 1.560826 55.789000000000001
169 0.25115559999999998 0.96384020000000004
170 0.032316619999999997 0.2993246
171 0.10687919999999999 0.87674059999999998
172 0 2546
173 0 2785
174 0.19867879999999999 0.720055
175 -0.0059081760000000002 0.0049813649999999998
176 0.1071986 0.9087672
177 0.0003898528 0.079036079999999995
178 0.02008093 0.28867500000000001
179 -1.2837339999999999 4.3400080000000001
180 1.237069 25.3003
181 0 484.8485
183 0 484.8485
184 0 3005
185 0 119
186 0 290.60570000000001
187 -3.0782370000000001 2.55925
188 -94.862200000000001 400.62979999999999
189 0 36292.129999999997
190 0 195.01509999999999
191 -1.2345820000000001 23.322659999999999
192 0 572.04010000000005
193 3.27889e-05 0.075053389999999998
194 -0.085303879999999999 -2.6556249999999998e-05
195 6.0682900000000001e-05 0.15133740000000001
196 2 2891
197 2 2574
198 -0.0001749326 0.00027682679999999998
199 -3.0205610000000002e-05 1.4983830000000001e-05
200 -0.0015140100000000001 0.0018345119999999999
201 5.3048280000000003e-11 0.00028547019999999998
202 7.2875850000000001e-06 0.016923509999999999
203 -3.4257569999999999 5.489052
204 2.319693 104.64579999999999
205 0.57989049999999998 7.3345320000000003
206 -7.508451 -0.55876239999999999
207 1.2578720000000001 13.19328
208 1 1859
209 1 2264
210 -0.1683376 0.1603156
211 -0.014048049999999999 0.013932140000000001
212 -0.4859639 0.73315149999999996
213 0.056006100000000003 2.7842359999999999
214 0.2372736 1.671027
215 -3.613928 3.5770689999999998
216 2.3734890000000002 28.882090000000002
217 0.70763520000000002 7.2333150000000002
218 -9.2880649999999996 -0.66011200000000003
219 1.4683580000000001 13.92897
220 1 1918
221 1 2886
222 -0.28080709999999998 0.2268645
223 -0.01009699 0.011400189999999999
224 -0.70071640000000002 0.48572549999999998
225 0.10821799999999999 4.1257070000000002
226 0.33058500000000002 2.0342609999999999
227 -3.479895 2.3028300000000002
228 2.1247579999999999 21.693850000000001
229 0.83070390000000005 8.6017480000000006
230 -9.5779870000000003 -0.83172889999999999
231 1.662433 14.83051
232 2 2996
233 1 3004
234 -0.23415130000000001 0.2015439
235 -0.02483459 0.020402799999999999
236 -0.85239180000000003 0.98215090000000005
237 0.1208101 3.4074589999999998
238 0.34764420000000001 1.846034
239 -2.0672670000000002 3.4240819999999998
240 1.993986 17.77655
241 1.012842 8.6849299999999996
242 -10.32929 -0.99759920000000002
243 2.3522699999999999 15.699170000000001
244 1 2642
245 1 2343
246 -0.1778265 0.2415831
247 -0.01706889 0.022943439999999999
248 -0.86866149999999998 0.98190469999999996
249 0.2550403 4.9517280000000001
250 0.50531999999999999 2.2511730000000001
251 -2.2628520000000001 1.6569830000000001
252 2.1254749999999998 15.54973
253 1.167537 9.1140699999999999
254 -9.7924860000000002 -1.0759099999999999
255 2.390879 17.033480000000001
256 1 2334
257 1 2123
258 -0.2046278 0.24376010000000001
259 -0.017389600000000002 0.05270329
260 -1.2670809999999999 0.86109100000000005
261 0.30155670000000001 5.5044570000000004
262 0.55474219999999996 2.3482989999999999
263 -2.4297110000000002 2.4893420000000002
264 1.9188639999999999 15.88932
265 1.1990670000000001 9.9160660000000007
266 -11.537570000000001 -1.285709
267 2.7990680000000001 18.269079999999999
268 1 2639
269 0 2493
270 -0.22504299999999999 0.29316880000000001
271 -0.010391559999999999 0.016193269999999999
272 -0.99042249999999998 0.63184300000000004
273 0.3761659 4.3764390000000004
274 0.61405639999999995 2.0932719999999998
275 -2.1717520000000001 2.3324980000000002
276 1.983419 16.583400000000001
277 1.4296960000000001 9.9255639999999996
278 -9.9907129999999995 -1.480818
279 3.147322 16.563770000000002
280 1 2930
281 1 2292
282 -0.1612836 0.1917722
283 -0.01233077 0.027383999999999999
284 -0.74570570000000003 0.71066070000000003
285 0.44392480000000001 5.0029170000000001
286 0.66801980000000005 2.2380260000000001
287 -2.4524780000000002 2.099701
288 2.0397989999999999 17.316839999999999
289 1.5127949999999999 9.8682850000000002
290 -9.2886129999999998 -1.4228259999999999
291 3.4493260000000001 16.540179999999999
292 1 2334
293 1 2366
294 -0.28519329999999998 0.19478719999999999
295 -0.01194891 0.01467574
296 -0.63368519999999995 0.83119019999999999
297 0.45380100000000001 4.8325690000000003
298 0.67645310000000003 2.1983100000000002
299 -1.6851689999999999 1.984612
300 1.884333 12.246090000000001
301 1.2988329999999999 10.449590000000001
302 -10.19266 -1.466356
303 2.9678659999999999 18.320060000000002
304 1 3065
305 1 2953
306 -0.19801650000000001 0.19594819999999999
307 -0.0123114 0.0174611
308 -0.61009190000000002 0.56929929999999995
309 0.51997260000000001 4.9567430000000003
310 0.72453780000000001 2.2285599999999999
311 -1.801777 2.192056
312 2.032257 12.9346
313 1.4875100000000001 10.26979
314 -8.8442779999999992 -1.5482929999999999
315 3.3175309999999998 16.52074
316 1 2541
317 1 2916
318 -0.16914109999999999 0.1583968
319 -0.011292969999999999 0.01446621
320 -0.58555100000000004 0.51313209999999998
321 0.49505209999999999 4.4354279999999999
322 0.70390019999999998 2.1062590000000001
323 -1.6630480000000001 2.0605850000000001
324 1.988008 17.673999999999999
325 1.453948 9.3282670000000003
326 -9.9656859999999998 -1.463867
327 3.207973 16.69042
328 1 2002
329 1 2565
330 -0.19009309999999999 0.1986918
331 -0.011885710000000001 0.01981894
332 -0.78005610000000003 0.59542229999999996
333 0.43897160000000002 4.5159900000000004
334 0.66345319999999997 2.1252650000000002
335 -1.7357910000000001 1.5299480000000001
336 2.1035849999999998 10.20468
337 1.3207009999999999 10.27647
338 -12.523490000000001 -1.165638
339 2.8982489999999999 21.164770000000001
340 1 3033
341 1 2076
342 -0.14680170000000001 0.18680720000000001
343 -0.0088417949999999995 0.025627730000000001
344 -0.7098679 0.68379400000000001
345 0.34230090000000002 5.3727879999999999
346 0.58507039999999999 2.3219099999999999
347 -2.0534279999999998 1.3576950000000001
348 2.049499 12.1167
349 0.0086666680000000006 0.14983340000000001
350 -0.15483330000000001 -0.0082500009999999999
351 0.016916670000000002 0.29599999999999999
352 1 2928
353 1 2937
354 -0.0041430820000000002 0.0048469200000000002
355 -0.00033625689999999998 0.00016105080000000001
356 -0.011978519999999999 0.01259916
357 1.2861530000000001e-05 0.0016981089999999999
358 0.0035865010000000002 0.041235550000000003
359 -3.5832860000000002 3.1373410000000002
360 2.1960549999999999 52.702680000000001
361 0.01869523 0.20092940000000001
362 -0.20128289999999999 -0.020659139999999999
363 0.040633530000000001 0.37451420000000002
364 1 2359
365 1 2598
366 -0.0055440799999999998 0.0038082120000000001
367 -0.00055099209999999997 0.00029523830000000002
368 -0.01755818 0.016066509999999999
369 6.849402e-05 0.0033995649999999998
370 0.0082802599999999994 0.058353290000000002
371 -1.6603619999999999 4.1667189999999996
372 2.151138 27.374169999999999
373 0 129.2929
374 -129.2929 0
375 0 258.58589999999998
376 0 3003
377 0 3007
378 -1.5952139999999999 3.2456670000000001
379 -0.2012834 0.23584069999999999
380 -9.2538889999999991 8.4561200000000003
381 0 2554.741
382 0 50.71922
383 -4.1800050000000004 13.835330000000001
384 0 311.02670000000001
